10,691129773695309 8974,755952246613
10,876637880989005 6680,517266358842
11,257366530143768 5271,970066510338
11,976575399669693 4022,0249329549024
12,741732972795141 3233,113032855104
13,696417530314822 2588,973371868056
14,875381594053636 2093,9909883345817
16,32344743252157 1692,862563148698
18,098321369333302 1361,648274693841
20,066180121674734 1109,4748928830952
22,478832854680068 906,5087700200455
25,4428320342493 739,9900447586837
28,79765627103043 607,7862057198859
32,93301390591168 496,0315607063793
38,05296069013207 402,78535090447247
43,96888245399263 330,5346886339732
51,33162860685435 269,4626234672068
60,54904538861236 218,69973122414754
71,42159711220796 178,52626389228448
85,12055677533533 144,93161364048288
101,4470339323262 118,41494820143348
120,90499737718604 97,07262508693279
145,5900821772782 78,8360268657952
175,31510266908307 63,959859486279946
208,94126921962513 52,580171422912464
249,01707450448137 43,10347084610093
299,85870830095047 35,00581531187686
361,0806412485436 28,42942996457278
10,71568019266855 9999,999999999989
412,3010529833896 24,567527212929843
506,033714461213 19,78725461601105